Clean dataset details:
Number of rows = 2056
Number of columns = 29
PC measure = 0.7744
Spearman Correlation = 0.7614
Null ratio measure = 0.7645
Outliers = 1.0
Class Overlap = 0.106
Classify accuracy = 0.4754
Clustering accuracy = 0.7073
Average accuracy = 0.5914
Total quality = 0.7027

-----------------------------------------------------------------------
Columns = 
EcogSPPlan_bl,mPACCtrailsB_bl,MidTemp_bl,Fusiform_bl,FDG_bl,PTEDUCAT,EcogPtPlan_bl,Hippocampus_bl,ICV_bl,ABETA_bl,Entorhinal_bl,
PIB_bl,TAU_bl,EcogSPLang_bl,EcogSPMem_bl,MMSE_bl,TRABSCOR_bl,LDELTOTAL_BL,RAVLT_learning_bl,RAVLT_forgetting_bl,EcogPtLang_bl,
PTAU_bl,EcogSPVisspat_bl,EcogSPDivatt_bl,FAQ_bl,MOCA_bl,EcogPtTotal_bl,ADAS13_bl,ADASQ4_bl,

-----------------------------------------------------------------------
Rows indexes = 
244,159,626,1397,490,593,2024,620,2262,1858,2178,399,2009,1644,1124,578,430,2234,1523,1817,1605,
731,2317,476,130,1946,2200,46,457,204,1498,176,794,291,95,1394,2319,1069,73,1172,905,
1047,1896,1602,1038,338,2257,1342,1515,184,1839,823,602,135,848,1455,2145,1231,1448,1263,1560,
959,1585,2343,1967,1921,1598,44,2043,1529,2372,1519,1185,1505,1063,1158,2180,147,85,1450,1030,
795,2004,1573,907,309,458,1847,1907,1101,2193,1889,1395,2155,97,387,2373,1406,61,415,2067,
580,311,334,284,1238,449,1971,336,1861,2138,1691,649,1969,450,279,1982,500,1710,724,957,
529,1756,1990,2090,1915,1714,274,1307,195,1920,1647,2375,2038,251,926,1224,445,1616,1857,304,
2293,249,1225,2183,908,1956,835,1589,2283,1906,2003,876,2297,1034,1576,1344,1278,2119,1762,489,
692,1782,290,917,513,1261,1846,1678,23,592,800,1088,180,1096,1292,1459,401,619,501,2108,
174,161,839,99,571,896,1932,1805,1800,1337,910,1687,2143,1483,2128,1579,1933,1733,799,343,
594,2044,1144,1327,289,1581,2069,1650,514,2058,1862,538,1648,359,2312,645,1559,1818,1112,1665,
867,693,512,1460,1796,1944,523,105,850,366,187,2097,226,677,1020,746,2060,2204,612,1705,
743,1895,1712,254,1754,2289,631,1316,411,1335,1143,735,1340,1119,1504,1704,622,1495,1283,1387,
2072,1902,1583,949,2315,1269,2324,1655,303,1168,1054,557,1736,1253,1855,1389,2065,1218,2269,1106,
660,2263,1151,868,2092,1531,1612,2261,1953,2000,1828,22,541,1694,1773,1420,414,1478,45,2305,
849,1280,755,2298,1706,1464,2368,844,635,1597,374,2121,521,1629,733,31,271,1056,1772,802,
987,345,1388,240,1145,471,1,766,121,424,1351,1611,2247,769,1509,857,2017,1925,1561,704,
2254,306,1250,688,650,792,1438,1606,1758,1207,998,64,2181,282,123,1807,1454,952,2221,1204,
1577,1884,951,117,1615,166,1663,312,1699,919,2307,88,1179,225,1863,1778,379,1535,154,2333,
1423,1522,1437,1474,2118,702,1032,81,1588,1045,892,2140,2112,83,96,1453,1424,779,544,1117,
1027,2334,775,996,1028,2233,1425,93,431,953,2277,563,1738,199,722,1717,1958,2039,771,796,
730,946,2366,56,350,570,545,2276,2220,438,383,601,2107,1742,966,1825,220,1321,403,1371,
493,788,553,1739,777,63,834,1873,1930,765,1212,1662,1748,1632,495,687,1621,2172,1251,879,
961,1695,2006,663,2248,1853,652,533,1443,1256,2299,1415,2251,2129,1651,805,148,1674,627,480,
1652,473,422,2012,142,1113,1236,705,928,69,955,940,372,613,1995,962,1767,1919,1702,832,
1300,994,1444,178,245,1469,661,1709,183,1252,1708,1885,862,807,258,26,2337,79,2056,1928,
1551,640,2173,141,91,697,221,1320,192,842,1641,128,1223,757,1376,1591,1596,2294,531,778,
534,1666,360,2085,2054,393,475,1031,678,1400,990,1118,1878,2226,1617,1786,1547,1174,1103,1636,
1110,550,669,659,1104,964,197,793,883,11,1055,515,1808,567,108,1558,53,1618,2165,676,
222,1988,1233,1732,648,728,1120,67,560,1426,806,1882,1768,2068,467,487,177,1670,169,428,
2370,639,573,481,229,774,1917,2272,1996,380,1784,1903,1842,124,518,999,1994,1081,978,236,
1693,751,317,1456,2025,351,1926,1246,348,944,89,1073,1309,330,315,1883,922,462,2007,709,
895,1436,1410,2351,1513,8,1820,644,82,298,2099,1067,1914,2167,2354,1520,2371,2081,1620,453,
1924,929,24,2028,1023,499,209,1999,824,1496,126,846,1015,2186,486,346,2231,1404,1798,548,
2103,1183,784,280,1222,143,138,767,912,233,1102,1850,207,1463,2212,865,1929,160,407,1781,
50,941,1315,1044,100,1841,1026,1634,1810,137,2095,1785,472,1952,741,979,2079,322,1893,581,
838,1943,1542,975,974,1200,52,2144,1682,880,2189,1348,1161,2177,1869,18,1186,115,591,1935,
1607,551,1667,1525,589,1452,540,1986,918,657,119,607,950,2266,2114,773,1245,1137,1095,597,
535,1074,1859,507,740,1068,1191,1076,484,1264,313,1797,1098,2244,1868,517,1626,833,2011,1087,
985,780,2344,2349,241,1866,2314,2235,525,2341,1311,887,700,810,1230,426,1070,328,327,1684,
1806,1431,1970,1823,369,1486,2223,884,1901,965,376,136,1790,2250,2156,2049,400,355,2133,308,
2300,1822,797,1152,1544,397,1024,2091,1092,1832,863,2363,1556,1195,1036,958,323,412,2196,2203,
665,599,175,498,2022,1194,1608,717,2033,437,80,936,1783,13,90,2241,1126,1613,579,263,
1051,742,1217,1239,1871,1802,318,1830,732,420,321,1266,1082,278,186,367,1673,1099,2213,234,
239,2232,2036,821,230,1743,1749,2322,2169,74,552,211,181,3,223,898,1528,319,155,1909,
756,954,582,1927,1745,614,1824,2124,2237,1897,632,1332,628,2208,1913,1521,1235,2339,1557,339,
1870,1792,2123,1048,6,574,967,1350,1273,760,1090,653,1187,205,103,483,963,118,747,1434,
2219,1461,1301,1433,1201,2331,815,890,1763,324,170,417,1516,210,2052,65,1831,2340,1330,228,
60,149,1586,565,1115,2127,1178,232,1377,1343,362,1268,1391,1396,2228,1757,429,29,2243,1312,
924,1129,1163,347,1347,1741,600,2096,1089,1458,1057,1568,2326,1791,1957,1936,316,78,698,381,
1050,911,1184,1880,1718,1653,4,2082,2260,2245,33,162,710,2327,267,2171,2110,1497,1029,2032,
1642,1689,789,1775,2026,2111,1593,452,1328,423,68,1809,870,41,2147,1945,1169,991,1973,1064,
1442,869,1007,1960,1297,2303,2021,2332,1462,2040,1042,200,616,2361,43,817,1604,2210,1512,642,
1237,1285,889,683,598,296,1260,2042,2218,329,995,2278,1630,1821,1722,737,1078,670,435,1980,
1690,2050,1848,384,49,871,275,689,1203,675,1730,1646,904,827,860,464,1457,1440,502,146,
150,224,811,262,1546,1891,1014,1595,606,1683,1570,1477,1267,618,1355,1221,1599,572,2116,2076,
300,526,1487,1918,561,1489,1132,107,763,2230,1524,1414,2347,1639,2101,190,168,1419,1004,891,
583,1366,281,1011,1146,543,1494,785,2,173,1553,1881,465,2311,9,1827,2206,2275,1339,1402,
1987,1206,385,2330,2030,482,1480,189,932,144,1033,208,933,2151,1677,76,1760,2131,1964,469,
1724,77,1075,1446,2358,1912,1681,1380,1071,2150,1692,1421,134,1976,719,1685,1813,264,1062,2360,
1789,238,920,447,713,1408,1322,604,859,1317,1668,2225,1908,575,2197,1876,1890,1405,132,214,
516,603,878,1277,1734,1181,2041,259,2162,1661,1227,1659,1514,1490,1192,2051,1975,520,886,1205,
1991,916,2253,25,1473,1141,1229,2098,1372,1226,256,378,2357,803,1799,559,1154,656,1383,2194,
1803,1770,1631,451,997,2062,113,1771,1979,2094,1746,104,1093,1776,1105,1769,537,923,818,250,
418,2211,286,1843,14,1592,1418,1764,1554,299,1352,59,1213,1160,2348,1637,2179,333,547,2020,
723,2013,1362,568,948,456,993,1298,542,377,682,153,485,981,1518,1532,1829,630,1997,1451,
444,1872,1165,1894,2285,2046,252,1248,861,1175,976,466,1182,1898,1543,2335,139,2304,1628,389,
20,1065,1379,942,585,496,1657,1835,470,2217,1534,596,257,1284,156,16,36,325,2227,1123,
1887,217,2325,2019,272,2195,749,307,1006,201,19,1888,875,1147,636,2215,479,1349,1726,2078,
776,1479,1619,2190,1247,1210,1052,671,745,1966,1725,577,845,194,455,2201,744,1747,1510,2016,
361,1840,1059,510,2329,564,761,75,791,1276,1731,1635,1313,1795,1794,1135,1485,770,1978,885,
2080,98,986,1198,114,2191,1035,1562,2157,1360,662,1852,982,1654,1500,1465,1766,206,419,641,
2136,71,1049,874,847,1363,1502,2159,1836,446,820,1365,872,302,219,2066,1122,852,819,1713,
1777,651,292,1133,787,237,1503,1155,605,47,2002,1536,1865,1234,2207,1998,391,1281,1441,127,
356,927,504,1623,408,1323,1107,1658,1761,1262,754,694,1664,1910,2209,1131,1703,1793,897,171,
2198,1416,1804,1427,621,172,2137,1002,1157,396,165,2188,57,623,305,816,1310,1965,1114,715,
2323,854,893,354,822,2353,1072,825,2286,1445,1086,643,110,734,497,2014,1306,1972,1243,1488,
736,2100,2029,1603,373,2342,708,831,2306,866,413,1584,1686,989,1005,2053,1698,260,488,1594,
1759,1854,1296,617,2102,131,266,2290,1660,1127,2125,1361,213,1121,1845,2117,2126,2192,729,1164,
227,371,2023,1393,637,503,829,365,2282,812,2267,1938,1539,112,2086,1016,2166,2281,1939,1167,
555,1707,1429,1649,588,1624,2106,491,1134,94,532,584,1139,203,686,609,1430,1950,1700,505,
246,434,2132,1009,1368,1208,1219,2089,1625,2071,721,390,86,1491,1209,439,2047,1923,716,739,
2374,40,454,901,938,1326,1779,931,1214,2182,1656,1992,2142,1040,30,370,748,1574,2229,395,
1643,1384,1856,398,909,1171,1676,587,1545,1942,836,1358,1077,2302,1922,1951,808,511,1411,1610,
84,1013,2055,1000,1517,1177,1286,2153,409,1357,231,590,1232,2035,1130,1679,2148,1138,1128,1265,
1941,1470,1353,111,524,2268,624,310,1386,2199,539,276,1555,1136,188,70,1911,1270,157,971,
2328,179,1188,2158,1116,2274,1833,1484,2271,2187,349,2242,762,2034,1331,35,615,1053,1412,753,
1614,1153,2270,1255,2018,332,2057,2313,125,368,1481,1564,1600,673,2149,980,696,1948,947,1838,
2130,2259,1540,2264,973,1780,1162,2185,2120,1728,1572,1140,1258,1189,1587,2104,212,2059,703,1019,
2061,375,549,1962,2134,1338,864,943,1318,1449,1851,915,972,202,701,152,48,1815,1550,1501,
2280,248,1432,2369,699,939,358,1271,2115,1150,714,1688,261,1336,386,1949,2122,196,1359,1727,
2345,2141,1472,1319,625,1295,287,1812,1378,433,1369,930,440,66,691,294,421,1390,680,1215,
1398,1109,2001,1874,1166,1290,2063,1541,1467,468,1364,2075,28,1499,945,1744,494,218,198,474,
790,1417,2284,0,72,1422,1241,463,1382,1719,1537,1765,2048,1826,2291,129,2135,410,1385,1294,
804,270,1046,1811,2222,1701,394,1905,1354,2359,1375,1304,122,530,2170,837,1282,2296,1125,566,
1254,1989,1526,809,1755,826,1645,255,1511,1627,1242,1959,506,21,610,151,460,1180,768,293,
853,357,1476,2287,1931,416,1507,1879,984,1934,34,1428,1058,335,55,1533,1834,1961,404,906,
828,2175,326,638,1787,1373,1108,576,2246,1345,1403,666,1723,894,727,690,528,2113,1308,2292,
1720,1199,2352,726,1578,101,432,2255,2224,1981,611,633,1170,2015,163,436,647,1084,801,167,
2083,17,1864,1984,1279,37,634,1468,1303,1197,1750,1299,977,674,341,1216,1228,1439,2279,782,
1367,679,841,216,956,1697,527,1324,1008,1508,970,925,1974,492,685,1148,1916,1877,87,1094,
1466,1954,344,882,145,814,1149,830,707,858,1788,1566,477,1374,1017,2236,536,92,2295,2249,
1302,392,1548,2365,15,461,1392,1190,2031,1963,902,629,1196,1291,402,

